year,count,cumsum
2016,1009,1009
2017,5738,6747
2018,12561,19308
2019,23406,42714
2020,24787,67501
2021,24863,92364
2022,24807,117171
2023,24933,142104
2024,14989,157093
